3
0 4 4 0 0
3 3 3 0 0
0 0 0 4 4
START_POS 0 0 0 0 0 0 0 0 0 0 0 0
START_POS 0 0 0 0 0 0 0 0 0 0 0 0
5 5 5 5 5
SAMPLES 1 0 0 0 0 0 0 0 0 0 0 0
SAMPLES 1 0 0 0 0 0 0 0 0 0 0 0
5 5 5 5 5
SAMPLES 0 0 0 0 0 0 0 0 0 0 0 0
SAMPLES 0 0 0 0 0 0 0 0 0 0 0 0
5 5 5 5 5
SAMPLES 0 0 0 0 0 0 0 0 0 0 0 0
SAMPLES 0 0 0 0 0 0 0 0 0 0 0 0
5 5 5 5 5
0 0 1 0 -1 -1 -1 -1 -1 -1
1 1 1 0 -1 -1 -1 -1 -1 -1
SAMPLES 0 0 0 0 0 0 0 0 0 0 0 0
SAMPLES 0 0 0 0 0 0 0 0 0 0 0 0
5 5 5 5 5
0 0 1 0 -1 -1 -1 -1 -1 -1
2 0 1 0 -1 -1 -1 -1 -1 -1
1 1 1 0 -1 -1 -1 -1 -1 -1
3 1 1 0 -1 -1 -1 -1 -1 -1
SAMPLES 0 0 0 0 0 0 0 0 0 0 0 0
SAMPLES 0 0 0 0 0 0 0 0 0 0 0 0
5 5 5 5 5
0 0 1 0 -1 -1 -1 -1 -1 -1
2 0 1 0 -1 -1 -1 -1 -1 -1
4 0 1 0 -1 -1 -1 -1 -1 -1
1 1 1 0 -1 -1 -1 -1 -1 -1
3 1 1 0 -1 -1 -1 -1 -1 -1
5 1 1 0 -1 -1 -1 -1 -1 -1
DIAGNOSIS 2 0 0 0 0 0 0 0 0 0 0 0
DIAGNOSIS 2 0 0 0 0 0 0 0 0 0 0 0
5 5 5 5 5
0 0 1 0 -1 -1 -1 -1 -1 -1
2 0 1 0 -1 -1 -1 -1 -1 -1
4 0 1 0 -1 -1 -1 -1 -1 -1
1 1 1 0 -1 -1 -1 -1 -1 -1
3 1 1 0 -1 -1 -1 -1 -1 -1
5 1 1 0 -1 -1 -1 -1 -1 -1
DIAGNOSIS 1 0 0 0 0 0 0 0 0 0 0 0
DIAGNOSIS 1 0 0 0 0 0 0 0 0 0 0 0
5 5 5 5 5
0 0 1 0 -1 -1 -1 -1 -1 -1
2 0 1 0 -1 -1 -1 -1 -1 -1
4 0 1 0 -1 -1 -1 -1 -1 -1
1 1 1 0 -1 -1 -1 -1 -1 -1
3 1 1 0 -1 -1 -1 -1 -1 -1
5 1 1 0 -1 -1 -1 -1 -1 -1
DIAGNOSIS 0 0 0 0 0 0 0 0 0 0 0 0
DIAGNOSIS 0 0 0 0 0 0 0 0 0 0 0 0
5 5 5 5 5
0 0 1 0 -1 -1 -1 -1 -1 -1
2 0 1 0 -1 -1 -1 -1 -1 -1
4 0 1 0 -1 -1 -1 -1 -1 -1
1 1 1 0 -1 -1 -1 -1 -1 -1
3 1 1 0 -1 -1 -1 -1 -1 -1
5 1 1 0 -1 -1 -1 -1 -1 -1
DIAGNOSIS 0 0 0 0 0 0 0 0 0 0 0 0
DIAGNOSIS 0 0 0 0 0 0 0 0 0 0 0 0
5 5 5 5 5
0 0 1 C 1 1 3 1 0 0
2 0 1 0 -1 -1 -1 -1 -1 -1
4 0 1 0 -1 -1 -1 -1 -1 -1
1 1 1 E 1 0 0 2 1 0
3 1 1 0 -1 -1 -1 -1 -1 -1
5 1 1 0 -1 -1 -1 -1 -1 -1
DIAGNOSIS 0 0 0 0 0 0 0 0 0 0 0 0
DIAGNOSIS 0 0 0 0 0 0 0 0 0 0 0 0
5 5 5 5 5
0 0 1 C 1 1 3 1 0 0
2 0 1 B 1 1 0 1 2 1
4 0 1 0 -1 -1 -1 -1 -1 -1
1 1 1 E 1 0 0 2 1 0
3 1 1 B 1 0 0 2 0 2
5 1 1 0 -1 -1 -1 -1 -1 -1
DIAGNOSIS 0 0 0 0 0 0 0 0 0 0 0 0
DIAGNOSIS 0 0 0 0 0 0 0 0 0 0 0 0
5 5 5 5 5
0 0 1 C 1 1 3 1 0 0
2 0 1 B 1 1 0 1 2 1
4 0 1 B 1 0 0 0 0 3
1 1 1 E 1 0 0 2 1 0
3 1 1 B 1 0 0 2 0 2
5 1 1 C 1 2 1 0 0 0
MOLECULES 2 0 0 0 0 0 0 0 0 0 0 0
MOLECULES 2 0 0 0 0 0 0 0 0 0 0 0
5 5 5 5 5
0 0 1 C 1 1 3 1 0 0
2 0 1 B 1 1 0 1 2 1
4 0 1 B 1 0 0 0 0 3
1 1 1 E 1 0 0 2 1 0
3 1 1 B 1 0 0 2 0 2
5 1 1 C 1 2 1 0 0 0
MOLECULES 1 0 0 0 0 0 0 0 0 0 0 0
MOLECULES 1 0 0 0 0 0 0 0 0 0 0 0
5 5 5 5 5
0 0 1 C 1 1 3 1 0 0
2 0 1 B 1 1 0 1 2 1
4 0 1 B 1 0 0 0 0 3
1 1 1 E 1 0 0 2 1 0
3 1 1 B 1 0 0 2 0 2
5 1 1 C 1 2 1 0 0 0
MOLECULES 0 0 0 0 0 0 0 0 0 0 0 0
MOLECULES 0 0 0 0 0 0 0 0 0 0 0 0
5 5 5 5 5
0 0 1 C 1 1 3 1 0 0
2 0 1 B 1 1 0 1 2 1
4 0 1 B 1 0 0 0 0 3
1 1 1 E 1 0 0 2 1 0
3 1 1 B 1 0 0 2 0 2
5 1 1 C 1 2 1 0 0 0
MOLECULES 0 0 1 0 0 0 0 0 0 0 0 0
MOLECULES 0 0 0 0 1 0 0 0 0 0 0 0
4 5 4 5 5
0 0 1 C 1 1 3 1 0 0
2 0 1 B 1 1 0 1 2 1
4 0 1 B 1 0 0 0 0 3
1 1 1 E 1 0 0 2 1 0
3 1 1 B 1 0 0 2 0 2
5 1 1 C 1 2 1 0 0 0
MOLECULES 0 0 1 0 1 0 0 0 0 0 0 0
MOLECULES 0 0 0 0 2 0 0 0 0 0 0 0
4 5 2 5 5
0 0 1 C 1 1 3 1 0 0
2 0 1 B 1 1 0 1 2 1
4 0 1 B 1 0 0 0 0 3
1 1 1 E 1 0 0 2 1 0
3 1 1 B 1 0 0 2 0 2
5 1 1 C 1 2 1 0 0 0
MOLECULES 0 0 1 1 1 0 0 0 0 0 0 0
MOLECULES 0 0 0 0 2 1 0 0 0 0 0 0
4 4 2 4 5
0 0 1 C 1 1 3 1 0 0
2 0 1 B 1 1 0 1 2 1
4 0 1 B 1 0 0 0 0 3
1 1 1 E 1 0 0 2 1 0
3 1 1 B 1 0 0 2 0 2
5 1 1 C 1 2 1 0 0 0
MOLECULES 0 0 1 2 1 0 0 0 0 0 0 0
MOLECULES 0 0 0 1 2 1 0 0 0 0 0 0
4 2 2 4 5
0 0 1 C 1 1 3 1 0 0
2 0 1 B 1 1 0 1 2 1
4 0 1 B 1 0 0 0 0 3
1 1 1 E 1 0 0 2 1 0
3 1 1 B 1 0 0 2 0 2
5 1 1 C 1 2 1 0 0 0
MOLECULES 0 0 1 3 1 0 0 0 0 0 0 0
MOLECULES 0 0 1 1 2 1 0 0 0 0 0 0
3 1 2 4 5
0 0 1 C 1 1 3 1 0 0
2 0 1 B 1 1 0 1 2 1
4 0 1 B 1 0 0 0 0 3
1 1 1 E 1 0 0 2 1 0
3 1 1 B 1 0 0 2 0 2
5 1 1 C 1 2 1 0 0 0
MOLECULES 0 0 1 3 1 1 0 0 0 0 0 0
MOLECULES 0 0 2 1 2 1 0 0 0 0 0 0
2 1 2 3 5
0 0 1 C 1 1 3 1 0 0
2 0 1 B 1 1 0 1 2 1
4 0 1 B 1 0 0 0 0 3
1 1 1 E 1 0 0 2 1 0
3 1 1 B 1 0 0 2 0 2
5 1 1 C 1 2 1 0 0 0
MOLECULES 0 0 1 3 1 2 0 0 0 0 0 0
MOLECULES 0 0 2 1 2 1 1 0 0 0 0 0
2 1 2 2 4
0 0 1 C 1 1 3 1 0 0
2 0 1 B 1 1 0 1 2 1
4 0 1 B 1 0 0 0 0 3
1 1 1 E 1 0 0 2 1 0
3 1 1 B 1 0 0 2 0 2
5 1 1 C 1 2 1 0 0 0
MOLECULES 0 0 1 3 1 2 1 0 0 0 0 0
MOLECULES 0 0 2 1 2 1 2 0 0 0 0 0
2 1 2 2 2
0 0 1 C 1 1 3 1 0 0
2 0 1 B 1 1 0 1 2 1
4 0 1 B 1 0 0 0 0 3
1 1 1 E 1 0 0 2 1 0
3 1 1 B 1 0 0 2 0 2
5 1 1 C 1 2 1 0 0 0
MOLECULES 0 0 1 3 1 2 2 0 0 0 0 0
MOLECULES 0 0 2 1 2 1 3 0 0 0 0 0
2 1 2 2 0
0 0 1 C 1 1 3 1 0 0
2 0 1 B 1 1 0 1 2 1
4 0 1 B 1 0 0 0 0 3
1 1 1 E 1 0 0 2 1 0
3 1 1 B 1 0 0 2 0 2
5 1 1 C 1 2 1 0 0 0
LABORATORY 2 0 1 3 1 2 2 0 0 0 0 0
LABORATORY 2 0 2 1 2 1 3 0 0 0 0 0
2 1 2 2 0
0 0 1 C 1 1 3 1 0 0
2 0 1 B 1 1 0 1 2 1
4 0 1 B 1 0 0 0 0 3
1 1 1 E 1 0 0 2 1 0
3 1 1 B 1 0 0 2 0 2
5 1 1 C 1 2 1 0 0 0
LABORATORY 1 0 1 3 1 2 2 0 0 0 0 0
LABORATORY 1 0 2 1 2 1 3 0 0 0 0 0
2 1 2 2 0
0 0 1 C 1 1 3 1 0 0
2 0 1 B 1 1 0 1 2 1
4 0 1 B 1 0 0 0 0 3
1 1 1 E 1 0 0 2 1 0
3 1 1 B 1 0 0 2 0 2
5 1 1 C 1 2 1 0 0 0
LABORATORY 0 0 1 3 1 2 2 0 0 0 0 0
LABORATORY 0 0 2 1 2 1 3 0 0 0 0 0
2 1 2 2 0
0 0 1 C 1 1 3 1 0 0
2 0 1 B 1 1 0 1 2 1
4 0 1 B 1 0 0 0 0 3
1 1 1 E 1 0 0 2 1 0
3 1 1 B 1 0 0 2 0 2
5 1 1 C 1 2 1 0 0 0
LABORATORY 0 1 0 0 0 2 2 0 0 1 0 0
LABORATORY 0 1 2 1 0 0 3 0 0 0 0 1
3 4 5 3 0
2 0 1 B 1 1 0 1 2 1
4 0 1 B 1 0 0 0 0 3
3 1 1 B 1 0 0 2 0 2
5 1 1 C 1 2 1 0 0 0
MOLECULES 2 1 0 0 0 2 2 0 0 1 0 0
LABORATORY 0 2 0 0 0 0 3 0 0 1 0 1
5 5 5 3 0
2 0 1 B 1 1 0 1 2 1
4 0 1 B 1 0 0 0 0 3
3 1 1 B 1 0 0 2 0 2
MOLECULES 1 1 0 0 0 2 2 0 0 1 0 0
SAMPLES 2 2 0 0 0 0 3 0 0 1 0 1
5 5 5 3 0
2 0 1 B 1 1 0 1 2 1
4 0 1 B 1 0 0 0 0 3
3 1 1 B 1 0 0 2 0 2
MOLECULES 0 1 0 0 0 2 2 0 0 1 0 0
SAMPLES 1 2 0 0 0 0 3 0 0 1 0 1
5 5 5 3 0
2 0 1 B 1 1 0 1 2 1
4 0 1 B 1 0 0 0 0 3
3 1 1 B 1 0 0 2 0 2
MOLECULES 0 1 1 0 0 2 2 0 0 1 0 0
SAMPLES 0 2 0 0 0 0 3 0 0 1 0 1
4 5 5 3 0
2 0 1 B 1 1 0 1 2 1
4 0 1 B 1 0 0 0 0 3
3 1 1 B 1 0 0 2 0 2
LABORATORY 2 1 1 0 0 2 2 0 0 1 0 0
SAMPLES 0 2 0 0 0 0 3 0 0 1 0 1
4 5 5 3 0
2 0 1 B 1 1 0 1 2 1
4 0 1 B 1 0 0 0 0 3
3 1 1 B 1 0 0 2 0 2
6 1 1 0 -1 -1 -1 -1 -1 -1
LABORATORY 1 1 1 0 0 2 2 0 0 1 0 0
SAMPLES 0 2 0 0 0 0 3 0 0 1 0 1
4 5 5 3 0
2 0 1 B 1 1 0 1 2 1
4 0 1 B 1 0 0 0 0 3
3 1 1 B 1 0 0 2 0 2
6 1 1 0 -1 -1 -1 -1 -1 -1
7 1 1 0 -1 -1 -1 -1 -1 -1
LABORATORY 0 1 1 0 0 2 2 0 0 1 0 0
DIAGNOSIS 2 2 0 0 0 0 3 0 0 1 0 1
4 5 5 3 0
2 0 1 B 1 1 0 1 2 1
4 0 1 B 1 0 0 0 0 3
3 1 1 B 1 0 0 2 0 2
6 1 1 0 -1 -1 -1 -1 -1 -1
7 1 1 0 -1 -1 -1 -1 -1 -1
LABORATORY 0 2 0 0 0 0 1 0 1 1 0 0
DIAGNOSIS 1 2 0 0 0 0 3 0 0 1 0 1
5 5 5 5 1
4 0 1 B 1 0 0 0 0 3
3 1 1 B 1 0 0 2 0 2
6 1 1 0 -1 -1 -1 -1 -1 -1
7 1 1 0 -1 -1 -1 -1 -1 -1
SAMPLES 2 2 0 0 0 0 1 0 1 1 0 0
DIAGNOSIS 0 2 0 0 0 0 3 0 0 1 0 1
5 5 5 5 1
4 0 1 B 1 0 0 0 0 3
3 1 1 B 1 0 0 2 0 2
6 1 1 0 -1 -1 -1 -1 -1 -1
7 1 1 0 -1 -1 -1 -1 -1 -1
SAMPLES 1 2 0 0 0 0 1 0 1 1 0 0
DIAGNOSIS 0 2 0 0 0 0 3 0 0 1 0 1
5 5 5 5 1
4 0 1 B 1 0 0 0 0 3
3 1 1 B 1 0 0 2 0 2
6 1 1 E 1 0 0 1 3 1
7 1 1 0 -1 -1 -1 -1 -1 -1
SAMPLES 0 2 0 0 0 0 1 0 1 1 0 0
DIAGNOSIS 0 2 0 0 0 0 3 0 0 1 0 1
5 5 5 5 1
4 0 1 B 1 0 0 0 0 3
3 1 1 B 1 0 0 2 0 2
6 1 1 E 1 0 0 1 3 1
7 1 1 E 1 0 0 3 0 0
SAMPLES 0 2 0 0 0 0 1 0 1 1 0 0
MOLECULES 2 2 0 0 0 0 3 0 0 1 0 1
5 5 5 5 1
4 0 1 B 1 0 0 0 0 3
8 0 1 0 -1 -1 -1 -1 -1 -1
3 1 1 B 1 0 0 2 0 2
6 1 1 E 1 0 0 1 3 1
7 1 1 E 1 0 0 3 0 0
SAMPLES 0 2 0 0 0 0 1 0 1 1 0 0
MOLECULES 1 2 0 0 0 0 3 0 0 1 0 1
5 5 5 5 1
4 0 1 B 1 0 0 0 0 3
8 0 1 0 -1 -1 -1 -1 -1 -1
9 0 1 0 -1 -1 -1 -1 -1 -1
3 1 1 B 1 0 0 2 0 2
6 1 1 E 1 0 0 1 3 1
7 1 1 E 1 0 0 3 0 0
DIAGNOSIS 2 2 0 0 0 0 1 0 1 1 0 0
MOLECULES 0 2 0 0 0 0 3 0 0 1 0 1
5 5 5 5 1
4 0 1 B 1 0 0 0 0 3
8 0 1 0 -1 -1 -1 -1 -1 -1
9 0 1 0 -1 -1 -1 -1 -1 -1
3 1 1 B 1 0 0 2 0 2
6 1 1 E 1 0 0 1 3 1
7 1 1 E 1 0 0 3 0 0
DIAGNOSIS 1 2 0 0 0 0 1 0 1 1 0 0
MOLECULES 0 2 0 0 1 0 3 0 0 1 0 1
5 5 4 5 1
4 0 1 B 1 0 0 0 0 3
8 0 1 0 -1 -1 -1 -1 -1 -1
9 0 1 0 -1 -1 -1 -1 -1 -1
3 1 1 B 1 0 0 2 0 2
6 1 1 E 1 0 0 1 3 1
7 1 1 E 1 0 0 3 0 0
DIAGNOSIS 0 2 0 0 0 0 1 0 1 1 0 0
MOLECULES 0 2 0 0 2 0 3 0 0 1 0 1
5 5 3 5 1
4 0 1 B 1 0 0 0 0 3
8 0 1 0 -1 -1 -1 -1 -1 -1
9 0 1 0 -1 -1 -1 -1 -1 -1
3 1 1 B 1 0 0 2 0 2
6 1 1 E 1 0 0 1 3 1
7 1 1 E 1 0 0 3 0 0
DIAGNOSIS 0 2 0 0 0 0 1 0 1 1 0 0
MOLECULES 0 2 0 0 2 1 3 0 0 1 0 1
5 5 3 4 1
4 0 1 B 1 0 0 0 0 3
8 0 1 E 1 1 2 1 1 0
9 0 1 0 -1 -1 -1 -1 -1 -1
3 1 1 B 1 0 0 2 0 2
6 1 1 E 1 0 0 1 3 1
7 1 1 E 1 0 0 3 0 0
DIAGNOSIS 0 2 0 0 0 0 1 0 1 1 0 0
MOLECULES 0 2 0 0 2 2 3 0 0 1 0 1
5 5 3 3 1
4 0 1 B 1 0 0 0 0 3
8 0 1 E 1 1 2 1 1 0
9 0 1 D 10 4 0 0 0 0
3 1 1 B 1 0 0 2 0 2
6 1 1 E 1 0 0 1 3 1
7 1 1 E 1 0 0 3 0 0
MOLECULES 2 2 0 0 0 0 1 0 1 1 0 0
MOLECULES 0 2 0 0 2 3 3 0 0 1 0 1
5 5 3 2 1
4 0 1 B 1 0 0 0 0 3
8 0 1 E 1 1 2 1 1 0
9 0 1 D 10 4 0 0 0 0
3 1 1 B 1 0 0 2 0 2
6 1 1 E 1 0 0 1 3 1
7 1 1 E 1 0 0 3 0 0
MOLECULES 1 2 0 0 0 0 1 0 1 1 0 0
MOLECULES 0 2 1 0 2 3 3 0 0 1 0 1
4 5 3 2 1
4 0 1 B 1 0 0 0 0 3
8 0 1 E 1 1 2 1 1 0
9 0 1 D 10 4 0 0 0 0
3 1 1 B 1 0 0 2 0 2
6 1 1 E 1 0 0 1 3 1
7 1 1 E 1 0 0 3 0 0
MOLECULES 0 2 0 0 0 0 1 0 1 1 0 0
MOLECULES 0 2 2 0 2 3 3 0 0 1 0 1
3 5 3 2 1
4 0 1 B 1 0 0 0 0 3
8 0 1 E 1 1 2 1 1 0
9 0 1 D 10 4 0 0 0 0
3 1 1 B 1 0 0 2 0 2
6 1 1 E 1 0 0 1 3 1
7 1 1 E 1 0 0 3 0 0
MOLECULES 0 2 0 0 0 1 1 0 1 1 0 0
LABORATORY 2 2 2 0 2 3 3 0 0 1 0 1
3 5 3 1 1
4 0 1 B 1 0 0 0 0 3
8 0 1 E 1 1 2 1 1 0
9 0 1 D 10 4 0 0 0 0
3 1 1 B 1 0 0 2 0 2
6 1 1 E 1 0 0 1 3 1
7 1 1 E 1 0 0 3 0 0
MOLECULES 0 2 1 0 0 1 1 0 1 1 0 0
LABORATORY 1 2 2 0 2 3 3 0 0 1 0 1
2 5 3 1 1
4 0 1 B 1 0 0 0 0 3
8 0 1 E 1 1 2 1 1 0
9 0 1 D 10 4 0 0 0 0
3 1 1 B 1 0 0 2 0 2
6 1 1 E 1 0 0 1 3 1
7 1 1 E 1 0 0 3 0 0
MOLECULES 0 2 1 1 0 1 1 0 1 1 0 0
LABORATORY 0 2 2 0 2 3 3 0 0 1 0 1
2 4 3 1 1
4 0 1 B 1 0 0 0 0 3
8 0 1 E 1 1 2 1 1 0
9 0 1 D 10 4 0 0 0 0
3 1 1 B 1 0 0 2 0 2
6 1 1 E 1 0 0 1 3 1
7 1 1 E 1 0 0 3 0 0
LABORATORY 2 2 1 1 0 1 1 0 1 1 0 0
LABORATORY 0 3 2 0 1 3 2 0 1 1 0 1
2 4 4 1 2
4 0 1 B 1 0 0 0 0 3
8 0 1 E 1 1 2 1 1 0
9 0 1 D 10 4 0 0 0 0
6 1 1 E 1 0 0 1 3 1
7 1 1 E 1 0 0 3 0 0
LABORATORY 1 2 1 1 0 1 1 0 1 1 0 0
LABORATORY 0 4 2 0 1 0 2 0 1 1 0 2
2 4 4 4 2
4 0 1 B 1 0 0 0 0 3
8 0 1 E 1 1 2 1 1 0
9 0 1 D 10 4 0 0 0 0
7 1 1 E 1 0 0 3 0 0
LABORATORY 0 2 1 1 0 1 1 0 1 1 0 0
SAMPLES 2 4 2 0 1 0 2 0 1 1 0 2
2 4 4 4 2
4 0 1 B 1 0 0 0 0 3
8 0 1 E 1 1 2 1 1 0
9 0 1 D 10 4 0 0 0 0
7 1 1 E 1 0 0 3 0 0
LABORATORY 0 3 0 0 0 0 1 0 1 1 0 1
SAMPLES 1 4 2 0 1 0 2 0 1 1 0 2
3 5 4 5 2
4 0 1 B 1 0 0 0 0 3
9 0 1 D 10 4 0 0 0 0
7 1 1 E 1 0 0 3 0 0
MOLECULES 2 3 0 0 0 0 1 0 1 1 0 1
SAMPLES 0 4 2 0 1 0 2 0 1 1 0 2
3 5 4 5 2
4 0 1 B 1 0 0 0 0 3
9 0 1 D 10 4 0 0 0 0
7 1 1 E 1 0 0 3 0 0
MOLECULES 1 3 0 0 0 0 1 0 1 1 0 1
SAMPLES 0 4 2 0 1 0 2 0 1 1 0 2
3 5 4 5 2
4 0 1 B 1 0 0 0 0 3
9 0 1 D 10 4 0 0 0 0
7 1 1 E 1 0 0 3 0 0
10 1 1 0 -1 -1 -1 -1 -1 -1
MOLECULES 0 3 0 0 0 0 1 0 1 1 0 1
SAMPLES 0 4 2 0 1 0 2 0 1 1 0 2
3 5 4 5 2
4 0 1 B 1 0 0 0 0 3
9 0 1 D 10 4 0 0 0 0
7 1 1 E 1 0 0 3 0 0
10 1 1 0 -1 -1 -1 -1 -1 -1
11 1 1 0 -1 -1 -1 -1 -1 -1
MOLECULES 0 3 0 0 0 0 2 0 1 1 0 1
DIAGNOSIS 2 4 2 0 1 0 2 0 1 1 0 2
3 5 4 5 1
4 0 1 B 1 0 0 0 0 3
9 0 1 D 10 4 0 0 0 0
7 1 1 E 1 0 0 3 0 0
10 1 1 0 -1 -1 -1 -1 -1 -1
11 1 1 0 -1 -1 -1 -1 -1 -1
LABORATORY 2 3 0 0 0 0 2 0 1 1 0 1
DIAGNOSIS 1 4 2 0 1 0 2 0 1 1 0 2
3 5 4 5 1
4 0 1 B 1 0 0 0 0 3
9 0 1 D 10 4 0 0 0 0
7 1 1 E 1 0 0 3 0 0
10 1 1 0 -1 -1 -1 -1 -1 -1
11 1 1 0 -1 -1 -1 -1 -1 -1
LABORATORY 1 3 0 0 0 0 2 0 1 1 0 1
DIAGNOSIS 0 4 2 0 1 0 2 0 1 1 0 2
3 5 4 5 1
4 0 1 B 1 0 0 0 0 3
9 0 1 D 10 4 0 0 0 0
7 1 1 E 1 0 0 3 0 0
10 1 1 0 -1 -1 -1 -1 -1 -1
11 1 1 0 -1 -1 -1 -1 -1 -1
LABORATORY 0 3 0 0 0 0 2 0 1 1 0 1
DIAGNOSIS 0 4 2 0 1 0 2 0 1 1 0 2
3 5 4 5 1
4 0 1 B 1 0 0 0 0 3
9 0 1 D 10 4 0 0 0 0
7 1 1 E 1 0 0 3 0 0
10 1 1 C 1 1 1 0 1 1
11 1 1 0 -1 -1 -1 -1 -1 -1
LABORATORY 0 4 0 0 0 0 0 0 2 1 0 1
DIAGNOSIS 0 4 2 0 1 0 2 0 1 1 0 2
3 5 4 5 3
9 0 1 D 10 4 0 0 0 0
7 1 1 E 1 0 0 3 0 0
10 1 1 C 1 1 1 0 1 1
11 1 1 C 1 0 2 0 2 0
SAMPLES 2 4 0 0 0 0 0 0 2 1 0 1
MOLECULES 2 4 2 0 1 0 2 0 1 1 0 2
3 5 4 5 3
9 0 1 D 10 4 0 0 0 0
7 1 1 E 1 0 0 3 0 0
10 1 1 C 1 1 1 0 1 1
11 1 1 C 1 0 2 0 2 0
SAMPLES 1 4 0 0 0 0 0 0 2 1 0 1
MOLECULES 1 4 2 0 1 0 2 0 1 1 0 2
3 5 4 5 3
9 0 1 D 10 4 0 0 0 0
7 1 1 E 1 0 0 3 0 0
10 1 1 C 1 1 1 0 1 1
11 1 1 C 1 0 2 0 2 0
SAMPLES 0 4 0 0 0 0 0 0 2 1 0 1
MOLECULES 0 4 2 0 1 0 2 0 1 1 0 2
3 5 4 5 3
9 0 1 D 10 4 0 0 0 0
7 1 1 E 1 0 0 3 0 0
10 1 1 C 1 1 1 0 1 1
11 1 1 C 1 0 2 0 2 0
SAMPLES 0 4 0 0 0 0 0 0 2 1 0 1
MOLECULES 0 4 2 0 1 1 2 0 1 1 0 2
3 5 4 4 3
9 0 1 D 10 4 0 0 0 0
12 0 1 0 -1 -1 -1 -1 -1 -1
7 1 1 E 1 0 0 3 0 0
10 1 1 C 1 1 1 0 1 1
11 1 1 C 1 0 2 0 2 0
SAMPLES 0 4 0 0 0 0 0 0 2 1 0 1
MOLECULES 0 4 2 0 1 2 2 0 1 1 0 2
3 5 4 3 3
9 0 1 D 10 4 0 0 0 0
12 0 1 0 -1 -1 -1 -1 -1 -1
13 0 1 0 -1 -1 -1 -1 -1 -1
7 1 1 E 1 0 0 3 0 0
10 1 1 C 1 1 1 0 1 1
11 1 1 C 1 0 2 0 2 0
DIAGNOSIS 2 4 0 0 0 0 0 0 2 1 0 1
MOLECULES 0 4 2 1 1 2 2 0 1 1 0 2
3 4 4 3 3
9 0 1 D 10 4 0 0 0 0
12 0 1 0 -1 -1 -1 -1 -1 -1
13 0 1 0 -1 -1 -1 -1 -1 -1
7 1 1 E 1 0 0 3 0 0
10 1 1 C 1 1 1 0 1 1
11 1 1 C 1 0 2 0 2 0
DIAGNOSIS 1 4 0 0 0 0 0 0 2 1 0 1
LABORATORY 2 4 2 1 1 2 2 0 1 1 0 2
3 4 4 3 3
9 0 1 D 10 4 0 0 0 0
12 0 1 0 -1 -1 -1 -1 -1 -1
13 0 1 0 -1 -1 -1 -1 -1 -1
7 1 1 E 1 0 0 3 0 0
10 1 1 C 1 1 1 0 1 1
11 1 1 C 1 0 2 0 2 0
DIAGNOSIS 0 4 0 0 0 0 0 0 2 1 0 1
LABORATORY 1 4 2 1 1 2 2 0 1 1 0 2
3 4 4 3 3
9 0 1 D 10 4 0 0 0 0
12 0 1 0 -1 -1 -1 -1 -1 -1
13 0 1 0 -1 -1 -1 -1 -1 -1
7 1 1 E 1 0 0 3 0 0
10 1 1 C 1 1 1 0 1 1
11 1 1 C 1 0 2 0 2 0
DIAGNOSIS 0 4 0 0 0 0 0 0 2 1 0 1
LABORATORY 0 4 2 1 1 2 2 0 1 1 0 2
3 4 4 3 3
9 0 1 D 10 4 0 0 0 0
12 0 1 E 10 0 4 0 0 0
13 0 1 0 -1 -1 -1 -1 -1 -1
7 1 1 E 1 0 0 3 0 0
10 1 1 C 1 1 1 0 1 1
11 1 1 C 1 0 2 0 2 0
DIAGNOSIS 0 4 0 0 0 0 0 0 2 1 0 1
LABORATORY 0 5 1 1 1 1 2 0 1 2 0 2
4 4 4 4 3
9 0 1 D 10 4 0 0 0 0
12 0 1 E 10 0 4 0 0 0
13 0 1 C 1 1 1 0 1 2
7 1 1 E 1 0 0 3 0 0
11 1 1 C 1 0 2 0 2 0
MOLECULES 2 4 0 0 0 0 0 0 2 1 0 1
LABORATORY 0 6 1 1 0 1 2 0 1 2 0 3
4 4 5 4 3
9 0 1 D 10 4 0 0 0 0
12 0 1 E 10 0 4 0 0 0
13 0 1 C 1 1 1 0 1 2
11 1 1 C 1 0 2 0 2 0
MOLECULES 1 4 0 0 0 0 0 0 2 1 0 1
SAMPLES 2 6 1 1 0 1 2 0 1 2 0 3
4 4 5 4 3
9 0 1 D 10 4 0 0 0 0
12 0 1 E 10 0 4 0 0 0
13 0 1 C 1 1 1 0 1 2
11 1 1 C 1 0 2 0 2 0
MOLECULES 0 4 0 0 0 0 0 0 2 1 0 1
SAMPLES 1 6 1 1 0 1 2 0 1 2 0 3
4 4 5 4 3
9 0 1 D 10 4 0 0 0 0
12 0 1 E 10 0 4 0 0 0
13 0 1 C 1 1 1 0 1 2
11 1 1 C 1 0 2 0 2 0
MOLECULES 0 4 1 0 0 0 0 0 2 1 0 1
SAMPLES 0 6 1 1 0 1 2 0 1 2 0 3
3 4 5 4 3
9 0 1 D 10 4 0 0 0 0
12 0 1 E 10 0 4 0 0 0
13 0 1 C 1 1 1 0 1 2
11 1 1 C 1 0 2 0 2 0
MOLECULES 0 4 2 0 0 0 0 0 2 1 0 1
SAMPLES 0 6 1 1 0 1 2 0 1 2 0 3
2 4 5 4 3
9 0 1 D 10 4 0 0 0 0
12 0 1 E 10 0 4 0 0 0
13 0 1 C 1 1 1 0 1 2
11 1 1 C 1 0 2 0 2 0
14 1 2 0 -1 -1 -1 -1 -1 -1
MOLECULES 0 4 3 0 0 0 0 0 2 1 0 1
SAMPLES 0 6 1 1 0 1 2 0 1 2 0 3
1 4 5 4 3
9 0 1 D 10 4 0 0 0 0
12 0 1 E 10 0 4 0 0 0
13 0 1 C 1 1 1 0 1 2
11 1 1 C 1 0 2 0 2 0
14 1 2 0 -1 -1 -1 -1 -1 -1
15 1 2 0 -1 -1 -1 -1 -1 -1
MOLECULES 0 4 4 0 0 0 0 0 2 1 0 1
DIAGNOSIS 2 6 1 1 0 1 2 0 1 2 0 3
0 4 5 4 3
9 0 1 D 10 4 0 0 0 0
12 0 1 E 10 0 4 0 0 0
13 0 1 C 1 1 1 0 1 2
11 1 1 C 1 0 2 0 2 0
14 1 2 0 -1 -1 -1 -1 -1 -1
15 1 2 0 -1 -1 -1 -1 -1 -1
MOLECULES 0 4 4 1 0 0 0 0 2 1 0 1
DIAGNOSIS 1 6 1 1 0 1 2 0 1 2 0 3
0 3 5 4 3
9 0 1 D 10 4 0 0 0 0
12 0 1 E 10 0 4 0 0 0
13 0 1 C 1 1 1 0 1 2
11 1 1 C 1 0 2 0 2 0
14 1 2 0 -1 -1 -1 -1 -1 -1
15 1 2 0 -1 -1 -1 -1 -1 -1
MOLECULES 0 4 4 2 0 0 0 0 2 1 0 1
DIAGNOSIS 0 6 1 1 0 1 2 0 1 2 0 3
0 2 5 4 3
9 0 1 D 10 4 0 0 0 0
12 0 1 E 10 0 4 0 0 0
13 0 1 C 1 1 1 0 1 2
11 1 1 C 1 0 2 0 2 0
14 1 2 0 -1 -1 -1 -1 -1 -1
15 1 2 0 -1 -1 -1 -1 -1 -1
MOLECULES 0 4 4 2 0 0 1 0 2 1 0 1
DIAGNOSIS 0 6 1 1 0 1 2 0 1 2 0 3
0 2 5 4 2
9 0 1 D 10 4 0 0 0 0
12 0 1 E 10 0 4 0 0 0
13 0 1 C 1 1 1 0 1 2
11 1 1 C 1 0 2 0 2 0
14 1 2 A 10 0 0 3 2 2
15 1 2 0 -1 -1 -1 -1 -1 -1
MOLECULES 0 4 4 2 0 1 1 0 2 1 0 1
DIAGNOSIS 0 6 1 1 0 1 2 0 1 2 0 3
0 2 5 3 2
9 0 1 D 10 4 0 0 0 0
12 0 1 E 10 0 4 0 0 0
13 0 1 C 1 1 1 0 1 2
11 1 1 C 1 0 2 0 2 0
14 1 2 A 10 0 0 3 2 2
15 1 2 C 20 4 2 0 0 1
LABORATORY 2 4 4 2 0 1 1 0 2 1 0 1
MOLECULES 2 6 1 1 0 1 2 0 1 2 0 3
0 2 5 3 2
9 0 1 D 10 4 0 0 0 0
12 0 1 E 10 0 4 0 0 0
13 0 1 C 1 1 1 0 1 2
11 1 1 C 1 0 2 0 2 0
14 1 2 A 10 0 0 3 2 2
15 1 2 C 20 4 2 0 0 1
LABORATORY 1 4 4 2 0 1 1 0 2 1 0 1
MOLECULES 1 6 1 1 0 1 2 0 1 2 0 3
0 2 5 3 2
9 0 1 D 10 4 0 0 0 0
12 0 1 E 10 0 4 0 0 0
13 0 1 C 1 1 1 0 1 2
11 1 1 C 1 0 2 0 2 0
14 1 2 A 10 0 0 3 2 2
15 1 2 C 20 4 2 0 0 1
LABORATORY 0 4 4 2 0 1 1 0 2 1 0 1
MOLECULES 0 6 1 1 0 1 2 0 1 2 0 3
0 2 5 3 2
9 0 1 D 10 4 0 0 0 0
12 0 1 E 10 0 4 0 0 0
13 0 1 C 1 1 1 0 1 2
11 1 1 C 1 0 2 0 2 0
14 1 2 A 10 0 0 3 2 2
15 1 2 C 20 4 2 0 0 1
LABORATORY 0 14 0 2 0 1 1 0 2 1 1 1
MOLECULES 0 6 1 1 0 2 2 0 1 2 0 3
4 2 5 2 2
12 0 1 E 10 0 4 0 0 0
13 0 1 C 1 1 1 0 1 2
11 1 1 C 1 0 2 0 2 0
14 1 2 A 10 0 0 3 2 2
15 1 2 C 20 4 2 0 0 1
LABORATORY 0 24 0 0 0 1 1 0 2 1 1 2
MOLECULES 0 6 1 1 1 2 2 0 1 2 0 3
4 4 4 2 2
13 0 1 C 1 1 1 0 1 2
11 1 1 C 1 0 2 0 2 0
14 1 2 A 10 0 0 3 2 2
15 1 2 C 20 4 2 0 0 1
SAMPLES 2 24 0 0 0 1 1 0 2 1 1 2
MOLECULES 0 6 2 1 1 2 2 0 1 2 0 3
3 4 4 2 2
13 0 1 C 1 1 1 0 1 2
11 1 1 C 1 0 2 0 2 0
14 1 2 A 10 0 0 3 2 2
15 1 2 C 20 4 2 0 0 1
SAMPLES 1 24 0 0 0 1 1 0 2 1 1 2
LABORATORY 2 6 2 1 1 2 2 0 1 2 0 3
3 4 4 2 2
13 0 1 C 1 1 1 0 1 2
11 1 1 C 1 0 2 0 2 0
14 1 2 A 10 0 0 3 2 2
15 1 2 C 20 4 2 0 0 1
SAMPLES 0 24 0 0 0 1 1 0 2 1 1 2
LABORATORY 1 6 2 1 1 2 2 0 1 2 0 3
3 4 4 2 2
13 0 1 C 1 1 1 0 1 2
11 1 1 C 1 0 2 0 2 0
14 1 2 A 10 0 0 3 2 2
15 1 2 C 20 4 2 0 0 1
SAMPLES 0 24 0 0 0 1 1 0 2 1 1 2
LABORATORY 0 6 2 1 1 2 2 0 1 2 0 3
3 4 4 2 2
13 0 1 C 1 1 1 0 1 2
16 0 2 0 -1 -1 -1 -1 -1 -1
11 1 1 C 1 0 2 0 2 0
14 1 2 A 10 0 0 3 2 2
15 1 2 C 20 4 2 0 0 1
SAMPLES 0 24 0 0 0 1 1 0 2 1 1 2
LABORATORY 0 16 2 1 0 0 2 1 1 2 0 3
3 4 5 4 2
13 0 1 C 1 1 1 0 1 2
16 0 2 0 -1 -1 -1 -1 -1 -1
17 0 2 0 -1 -1 -1 -1 -1 -1
11 1 1 C 1 0 2 0 2 0
15 1 2 C 20 4 2 0 0 1
DIAGNOSIS 2 24 0 0 0 1 1 0 2 1 1 2
MOLECULES 2 16 2 1 0 0 2 1 1 2 0 3
3 4 5 4 2
13 0 1 C 1 1 1 0 1 2
16 0 2 0 -1 -1 -1 -1 -1 -1
17 0 2 0 -1 -1 -1 -1 -1 -1
11 1 1 C 1 0 2 0 2 0
15 1 2 C 20 4 2 0 0 1
DIAGNOSIS 1 24 0 0 0 1 1 0 2 1 1 2
MOLECULES 1 16 2 1 0 0 2 1 1 2 0 3
3 4 5 4 2
13 0 1 C 1 1 1 0 1 2
16 0 2 0 -1 -1 -1 -1 -1 -1
17 0 2 0 -1 -1 -1 -1 -1 -1
11 1 1 C 1 0 2 0 2 0
15 1 2 C 20 4 2 0 0 1
DIAGNOSIS 0 24 0 0 0 1 1 0 2 1 1 2
MOLECULES 0 16 2 1 0 0 2 1 1 2 0 3
3 4 5 4 2
13 0 1 C 1 1 1 0 1 2
16 0 2 0 -1 -1 -1 -1 -1 -1
17 0 2 0 -1 -1 -1 -1 -1 -1
11 1 1 C 1 0 2 0 2 0
15 1 2 C 20 4 2 0 0 1
DIAGNOSIS 0 24 0 0 0 1 1 0 2 1 1 2
MOLECULES 0 16 3 1 0 0 2 1 1 2 0 3
2 4 5 4 2
13 0 1 C 1 1 1 0 1 2
16 0 2 C 10 3 0 2 3 0
17 0 2 0 -1 -1 -1 -1 -1 -1
11 1 1 C 1 0 2 0 2 0
15 1 2 C 20 4 2 0 0 1
DIAGNOSIS 0 24 0 0 0 1 1 0 2 1 1 2
MOLECULES 0 16 3 1 0 1 2 1 1 2 0 3
2 4 5 3 2
13 0 1 C 1 1 1 0 1 2
16 0 2 C 10 3 0 2 3 0
17 0 2 D 20 5 0 0 0 0
11 1 1 C 1 0 2 0 2 0
15 1 2 C 20 4 2 0 0 1
MOLECULES 2 24 0 0 0 1 1 0 2 1 1 2
MOLECULES 0 16 3 1 0 2 2 1 1 2 0 3
2 4 5 2 2
13 0 1 C 1 1 1 0 1 2
16 0 2 C 10 3 0 2 3 0
17 0 2 D 20 5 0 0 0 0
11 1 1 C 1 0 2 0 2 0
15 1 2 C 20 4 2 0 0 1
MOLECULES 1 24 0 0 0 1 1 0 2 1 1 2
MOLECULES 0 16 4 1 0 2 2 1 1 2 0 3
1 4 5 2 2
13 0 1 C 1 1 1 0 1 2
16 0 2 C 10 3 0 2 3 0
17 0 2 D 20 5 0 0 0 0
11 1 1 C 1 0 2 0 2 0
15 1 2 C 20 4 2 0 0 1
MOLECULES 0 24 0 0 0 1 1 0 2 1 1 2
LABORATORY 2 16 4 1 0 2 2 1 1 2 0 3
1 4 5 2 2
13 0 1 C 1 1 1 0 1 2
16 0 2 C 10 3 0 2 3 0
17 0 2 D 20 5 0 0 0 0
11 1 1 C 1 0 2 0 2 0
15 1 2 C 20 4 2 0 0 1
MOLECULES 0 24 1 0 0 1 1 0 2 1 1 2
LABORATORY 1 16 4 1 0 2 2 1 1 2 0 3
0 4 5 2 2
13 0 1 C 1 1 1 0 1 2
16 0 2 C 10 3 0 2 3 0
17 0 2 D 20 5 0 0 0 0
11 1 1 C 1 0 2 0 2 0
15 1 2 C 20 4 2 0 0 1
LABORATORY 2 24 1 0 0 1 1 0 2 1 1 2
LABORATORY 0 16 4 1 0 2 2 1 1 2 0 3
0 4 5 2 2
13 0 1 C 1 1 1 0 1 2
16 0 2 C 10 3 0 2 3 0
17 0 2 D 20 5 0 0 0 0
11 1 1 C 1 0 2 0 2 0
15 1 2 C 20 4 2 0 0 1
LABORATORY 1 24 1 0 0 1 1 0 2 1 1 2
LABORATORY 0 36 1 0 0 2 2 1 1 3 0 3
3 5 5 2 2
13 0 1 C 1 1 1 0 1 2
16 0 2 C 10 3 0 2 3 0
17 0 2 D 20 5 0 0 0 0
11 1 1 C 1 0 2 0 2 0
LABORATORY 0 24 1 0 0 1 1 0 2 1 1 2
SAMPLES 2 36 1 0 0 2 2 1 1 3 0 3
3 5 5 2 2
13 0 1 C 1 1 1 0 1 2
16 0 2 C 10 3 0 2 3 0
17 0 2 D 20 5 0 0 0 0
11 1 1 C 1 0 2 0 2 0
LABORATORY 0 25 0 0 0 1 1 0 2 2 1 2
SAMPLES 1 36 1 0 0 2 2 1 1 3 0 3
4 5 5 2 2
16 0 2 C 10 3 0 2 3 0
17 0 2 D 20 5 0 0 0 0
11 1 1 C 1 0 2 0 2 0
MOLECULES 2 25 0 0 0 1 1 0 2 2 1 2
SAMPLES 0 36 1 0 0 2 2 1 1 3 0 3
4 5 5 2 2
16 0 2 C 10 3 0 2 3 0
17 0 2 D 20 5 0 0 0 0
11 1 1 C 1 0 2 0 2 0
MOLECULES 1 25 0 0 0 1 1 0 2 2 1 2
SAMPLES 0 36 1 0 0 2 2 1 1 3 0 3
4 5 5 2 2
16 0 2 C 10 3 0 2 3 0
17 0 2 D 20 5 0 0 0 0
11 1 1 C 1 0 2 0 2 0
18 1 2 0 -1 -1 -1 -1 -1 -1
MOLECULES 0 25 0 0 0 1 1 0 2 2 1 2
SAMPLES 0 36 1 0 0 2 2 1 1 3 0 3
4 5 5 2 2
16 0 2 C 10 3 0 2 3 0
17 0 2 D 20 5 0 0 0 0
11 1 1 C 1 0 2 0 2 0
18 1 2 0 -1 -1 -1 -1 -1 -1
19 1 2 0 -1 -1 -1 -1 -1 -1
MOLECULES 0 25 0 0 0 2 1 0 2 2 1 2
DIAGNOSIS 2 36 1 0 0 2 2 1 1 3 0 3
4 5 5 1 2
16 0 2 C 10 3 0 2 3 0
17 0 2 D 20 5 0 0 0 0
11 1 1 C 1 0 2 0 2 0
18 1 2 0 -1 -1 -1 -1 -1 -1
19 1 2 0 -1 -1 -1 -1 -1 -1
MOLECULES 0 25 1 0 0 2 1 0 2 2 1 2
DIAGNOSIS 1 36 1 0 0 2 2 1 1 3 0 3
3 5 5 1 2
16 0 2 C 10 3 0 2 3 0
17 0 2 D 20 5 0 0 0 0
11 1 1 C 1 0 2 0 2 0
18 1 2 0 -1 -1 -1 -1 -1 -1
19 1 2 0 -1 -1 -1 -1 -1 -1
MOLECULES 0 25 2 0 0 2 1 0 2 2 1 2
DIAGNOSIS 0 36 1 0 0 2 2 1 1 3 0 3
2 5 5 1 2
16 0 2 C 10 3 0 2 3 0
17 0 2 D 20 5 0 0 0 0
11 1 1 C 1 0 2 0 2 0
18 1 2 0 -1 -1 -1 -1 -1 -1
19 1 2 0 -1 -1 -1 -1 -1 -1
MOLECULES 0 25 3 0 0 2 1 0 2 2 1 2
DIAGNOSIS 0 36 1 0 0 2 2 1 1 3 0 3
1 5 5 1 2
16 0 2 C 10 3 0 2 3 0
17 0 2 D 20 5 0 0 0 0
11 1 1 C 1 0 2 0 2 0
18 1 2 0 -1 -1 -1 -1 -1 -1
19 1 2 D 20 1 4 2 0 0
LABORATORY 2 25 3 0 0 2 1 0 2 2 1 2
DIAGNOSIS 0 36 1 0 0 2 2 1 1 3 0 3
1 5 5 1 2
16 0 2 C 10 3 0 2 3 0
17 0 2 D 20 5 0 0 0 0
11 1 1 C 1 0 2 0 2 0
18 1 2 B 20 2 0 0 1 4
19 1 2 D 20 1 4 2 0 0
LABORATORY 1 25 3 0 0 2 1 0 2 2 1 2
MOLECULES 2 36 1 0 0 2 2 1 1 3 0 3
1 5 5 1 2
16 0 2 C 10 3 0 2 3 0
17 0 2 D 20 5 0 0 0 0
11 1 1 C 1 0 2 0 2 0
18 1 2 B 20 2 0 0 1 4
19 1 2 D 20 1 4 2 0 0
LABORATORY 0 25 3 0 0 2 1 0 2 2 1 2
MOLECULES 1 36 1 0 0 2 2 1 1 3 0 3
1 5 5 1 2
16 0 2 C 10 3 0 2 3 0
17 0 2 D 20 5 0 0 0 0
11 1 1 C 1 0 2 0 2 0
18 1 2 B 20 2 0 0 1 4
19 1 2 D 20 1 4 2 0 0
LABORATORY 0 35 0 0 0 0 1 0 2 3 1 2
MOLECULES 0 36 1 0 0 2 2 1 1 3 0 3
4 5 5 3 2
17 0 2 D 20 5 0 0 0 0
11 1 1 C 1 0 2 0 2 0
18 1 2 B 20 2 0 0 1 4
19 1 2 D 20 1 4 2 0 0
SAMPLES 2 35 0 0 0 0 1 0 2 3 1 2
MOLECULES 0 36 1 1 0 2 2 1 1 3 0 3
4 4 5 3 2
17 0 2 D 20 5 0 0 0 0
11 1 1 C 1 0 2 0 2 0
18 1 2 B 20 2 0 0 1 4
19 1 2 D 20 1 4 2 0 0
SAMPLES 1 35 0 0 0 0 1 0 2 3 1 2
MOLECULES 0 36 1 2 0 2 2 1 1 3 0 3
4 3 5 3 2
17 0 2 D 20 5 0 0 0 0
11 1 1 C 1 0 2 0 2 0
18 1 2 B 20 2 0 0 1 4
19 1 2 D 20 1 4 2 0 0
SAMPLES 0 35 0 0 0 0 1 0 2 3 1 2
LABORATORY 2 36 1 2 0 2 2 1 1 3 0 3
4 3 5 3 2
17 0 2 D 20 5 0 0 0 0
11 1 1 C 1 0 2 0 2 0
18 1 2 B 20 2 0 0 1 4
19 1 2 D 20 1 4 2 0 0
SAMPLES 0 35 0 0 0 0 1 0 2 3 1 2
LABORATORY 1 36 1 2 0 2 2 1 1 3 0 3
4 3 5 3 2
17 0 2 D 20 5 0 0 0 0
20 0 3 0 -1 -1 -1 -1 -1 -1
11 1 1 C 1 0 2 0 2 0
18 1 2 B 20 2 0 0 1 4
19 1 2 D 20 1 4 2 0 0
SAMPLES 0 35 0 0 0 0 1 0 2 3 1 2
LABORATORY 0 36 1 2 0 2 2 1 1 3 0 3
4 3 5 3 2
17 0 2 D 20 5 0 0 0 0
20 0 3 0 -1 -1 -1 -1 -1 -1
21 0 3 0 -1 -1 -1 -1 -1 -1
11 1 1 C 1 0 2 0 2 0
18 1 2 B 20 2 0 0 1 4
19 1 2 D 20 1 4 2 0 0
DIAGNOSIS 2 35 0 0 0 0 1 0 2 3 1 2
LABORATORY 0 56 0 2 0 1 1 1 2 3 0 3
5 3 5 4 3
17 0 2 D 20 5 0 0 0 0
20 0 3 0 -1 -1 -1 -1 -1 -1
21 0 3 0 -1 -1 -1 -1 -1 -1
11 1 1 C 1 0 2 0 2 0
19 1 2 D 20 1 4 2 0 0
DIAGNOSIS 1 35 0 0 0 0 1 0 2 3 1 2
LABORATORY 0 76 0 0 0 1 1 1 2 3 1 3
5 5 5 4 3
17 0 2 D 20 5 0 0 0 0
20 0 3 0 -1 -1 -1 -1 -1 -1
21 0 3 0 -1 -1 -1 -1 -1 -1
11 1 1 C 1 0 2 0 2 0
DIAGNOSIS 0 35 0 0 0 0 1 0 2 3 1 2
LABORATORY 0 77 0 0 0 0 1 1 2 4 1 3
5 5 5 5 3
17 0 2 D 20 5 0 0 0 0
20 0 3 0 -1 -1 -1 -1 -1 -1
21 0 3 0 -1 -1 -1 -1 -1 -1
DIAGNOSIS 0 35 0 0 0 0 1 0 2 3 1 2
SAMPLES 2 77 0 0 0 0 1 1 2 4 1 3
5 5 5 5 3
17 0 2 D 20 5 0 0 0 0
20 0 3 D 30 3 5 3 0 3
21 0 3 0 -1 -1 -1 -1 -1 -1
DIAGNOSIS 0 35 0 0 0 0 1 0 2 3 1 2
SAMPLES 1 77 0 0 0 0 1 1 2 4 1 3
5 5 5 5 3
17 0 2 D 20 5 0 0 0 0
20 0 3 D 30 3 5 3 0 3
21 0 3 A 50 3 0 0 0 7
MOLECULES 2 35 0 0 0 0 1 0 2 3 1 2
SAMPLES 0 77 0 0 0 0 1 1 2 4 1 3
5 5 5 5 3
17 0 2 D 20 5 0 0 0 0
20 0 3 D 30 3 5 3 0 3
21 0 3 A 50 3 0 0 0 7
MOLECULES 1 35 0 0 0 0 1 0 2 3 1 2
SAMPLES 0 77 0 0 0 0 1 1 2 4 1 3
5 5 5 5 3
17 0 2 D 20 5 0 0 0 0
20 0 3 D 30 3 5 3 0 3
21 0 3 A 50 3 0 0 0 7
22 1 3 0 -1 -1 -1 -1 -1 -1
MOLECULES 0 35 0 0 0 0 1 0 2 3 1 2
SAMPLES 0 77 0 0 0 0 1 1 2 4 1 3
5 5 5 5 3
17 0 2 D 20 5 0 0 0 0
20 0 3 D 30 3 5 3 0 3
21 0 3 A 50 3 0 0 0 7
22 1 3 0 -1 -1 -1 -1 -1 -1
23 1 3 0 -1 -1 -1 -1 -1 -1
MOLECULES 0 35 1 0 0 0 1 0 2 3 1 2
SAMPLES 0 77 0 0 0 0 1 1 2 4 1 3
4 5 5 5 3
17 0 2 D 20 5 0 0 0 0
20 0 3 D 30 3 5 3 0 3
21 0 3 A 50 3 0 0 0 7
22 1 3 0 -1 -1 -1 -1 -1 -1
23 1 3 0 -1 -1 -1 -1 -1 -1
24 1 3 0 -1 -1 -1 -1 -1 -1
MOLECULES 0 35 2 0 0 0 1 0 2 3 1 2
DIAGNOSIS 2 77 0 0 0 0 1 1 2 4 1 3
3 5 5 5 3
17 0 2 D 20 5 0 0 0 0
20 0 3 D 30 3 5 3 0 3
21 0 3 A 50 3 0 0 0 7
22 1 3 0 -1 -1 -1 -1 -1 -1
23 1 3 0 -1 -1 -1 -1 -1 -1
24 1 3 0 -1 -1 -1 -1 -1 -1
MOLECULES 0 35 3 0 0 0 1 0 2 3 1 2
DIAGNOSIS 1 77 0 0 0 0 1 1 2 4 1 3
2 5 5 5 3
17 0 2 D 20 5 0 0 0 0
20 0 3 D 30 3 5 3 0 3
21 0 3 A 50 3 0 0 0 7
22 1 3 0 -1 -1 -1 -1 -1 -1
23 1 3 0 -1 -1 -1 -1 -1 -1
24 1 3 0 -1 -1 -1 -1 -1 -1
MOLECULES 0 35 3 1 0 0 1 0 2 3 1 2
DIAGNOSIS 0 77 0 0 0 0 1 1 2 4 1 3
2 4 5 5 3
17 0 2 D 20 5 0 0 0 0
20 0 3 D 30 3 5 3 0 3
21 0 3 A 50 3 0 0 0 7
22 1 3 0 -1 -1 -1 -1 -1 -1
23 1 3 0 -1 -1 -1 -1 -1 -1
24 1 3 0 -1 -1 -1 -1 -1 -1
MOLECULES 0 35 3 2 0 0 1 0 2 3 1 2
DIAGNOSIS 0 77 0 0 0 0 1 1 2 4 1 3
2 3 5 5 3
17 0 2 D 20 5 0 0 0 0
20 0 3 D 30 3 5 3 0 3
21 0 3 A 50 3 0 0 0 7
22 1 3 B 50 7 3 0 0 0
23 1 3 0 -1 -1 -1 -1 -1 -1
24 1 3 0 -1 -1 -1 -1 -1 -1
MOLECULES 0 35 3 3 0 0 1 0 2 3 1 2
DIAGNOSIS 0 77 0 0 0 0 1 1 2 4 1 3
2 2 5 5 3
17 0 2 D 20 5 0 0 0 0
20 0 3 D 30 3 5 3 0 3
21 0 3 A 50 3 0 0 0 7
22 1 3 B 50 7 3 0 0 0
23 1 3 E 40 0 0 0 7 0
24 1 3 0 -1 -1 -1 -1 -1 -1
MOLECULES 0 35 4 3 0 0 1 0 2 3 1 2
DIAGNOSIS 0 77 0 0 0 0 1 1 2 4 1 3
1 2 5 5 3
17 0 2 D 20 5 0 0 0 0
20 0 3 D 30 3 5 3 0 3
21 0 3 A 50 3 0 0 0 7
22 1 3 B 50 7 3 0 0 0
23 1 3 E 40 0 0 0 7 0
24 1 3 A 40 0 0 0 0 7
MOLECULES 0 35 5 3 0 0 1 0 2 3 1 2
MOLECULES 2 77 0 0 0 0 1 1 2 4 1 3
0 2 5 5 3
17 0 2 D 20 5 0 0 0 0
20 0 3 D 30 3 5 3 0 3
21 0 3 A 50 3 0 0 0 7
22 1 3 B 50 7 3 0 0 0
23 1 3 E 40 0 0 0 7 0
24 1 3 A 40 0 0 0 0 7
LABORATORY 2 35 5 3 0 0 1 0 2 3 1 2
MOLECULES 1 77 0 0 0 0 1 1 2 4 1 3
0 2 5 5 3
17 0 2 D 20 5 0 0 0 0
20 0 3 D 30 3 5 3 0 3
21 0 3 A 50 3 0 0 0 7
22 1 3 B 50 7 3 0 0 0
23 1 3 E 40 0 0 0 7 0
24 1 3 A 40 0 0 0 0 7
LABORATORY 1 35 5 3 0 0 1 0 2 3 1 2
MOLECULES 0 77 0 0 0 0 1 1 2 4 1 3
0 2 5 5 3
17 0 2 D 20 5 0 0 0 0
20 0 3 D 30 3 5 3 0 3
21 0 3 A 50 3 0 0 0 7
22 1 3 B 50 7 3 0 0 0
23 1 3 E 40 0 0 0 7 0
24 1 3 A 40 0 0 0 0 7
LABORATORY 0 35 5 3 0 0 1 0 2 3 1 2
MOLECULES 0 77 0 0 0 0 2 1 2 4 1 3
0 2 5 5 2
17 0 2 D 20 5 0 0 0 0
20 0 3 D 30 3 5 3 0 3
21 0 3 A 50 3 0 0 0 7
22 1 3 B 50 7 3 0 0 0
23 1 3 E 40 0 0 0 7 0
24 1 3 A 40 0 0 0 0 7
LABORATORY 0 55 0 3 0 0 1 0 2 3 2 2
MOLECULES 0 77 0 0 0 0 3 1 2 4 1 3
5 2 5 5 1
20 0 3 D 30 3 5 3 0 3
21 0 3 A 50 3 0 0 0 7
22 1 3 B 50 7 3 0 0 0
23 1 3 E 40 0 0 0 7 0
24 1 3 A 40 0 0 0 0 7
MOLECULES 2 55 0 3 0 0 1 0 2 3 2 2
MOLECULES 0 77 0 0 0 0 4 1 2 4 1 3
5 2 5 5 0
20 0 3 D 30 3 5 3 0 3
21 0 3 A 50 3 0 0 0 7
22 1 3 B 50 7 3 0 0 0
23 1 3 E 40 0 0 0 7 0
24 1 3 A 40 0 0 0 0 7
MOLECULES 1 55 0 3 0 0 1 0 2 3 2 2
MOLECULES 0 77 1 0 0 0 4 1 2 4 1 3
4 2 5 5 0
20 0 3 D 30 3 5 3 0 3
21 0 3 A 50 3 0 0 0 7
22 1 3 B 50 7 3 0 0 0
23 1 3 E 40 0 0 0 7 0
24 1 3 A 40 0 0 0 0 7
MOLECULES 0 55 0 3 0 0 1 0 2 3 2 2
MOLECULES 0 77 2 0 0 0 4 1 2 4 1 3
3 2 5 5 0
20 0 3 D 30 3 5 3 0 3
21 0 3 A 50 3 0 0 0 7
22 1 3 B 50 7 3 0 0 0
23 1 3 E 40 0 0 0 7 0
24 1 3 A 40 0 0 0 0 7
MOLECULES 0 55 1 3 0 0 1 0 2 3 2 2
MOLECULES 0 77 3 0 0 0 4 1 2 4 1 3
1 2 5 5 0
20 0 3 D 30 3 5 3 0 3
21 0 3 A 50 3 0 0 0 7
22 1 3 B 50 7 3 0 0 0
23 1 3 E 40 0 0 0 7 0
24 1 3 A 40 0 0 0 0 7
SAMPLES 2 55 1 3 0 0 1 0 2 3 2 2
LABORATORY 2 77 3 0 0 0 4 1 2 4 1 3
1 2 5 5 0
20 0 3 D 30 3 5 3 0 3
21 0 3 A 50 3 0 0 0 7
22 1 3 B 50 7 3 0 0 0
23 1 3 E 40 0 0 0 7 0
24 1 3 A 40 0 0 0 0 7
SAMPLES 1 55 1 3 0 0 1 0 2 3 2 2
LABORATORY 1 77 3 0 0 0 4 1 2 4 1 3
1 2 5 5 0
20 0 3 D 30 3 5 3 0 3
21 0 3 A 50 3 0 0 0 7
22 1 3 B 50 7 3 0 0 0
23 1 3 E 40 0 0 0 7 0
24 1 3 A 40 0 0 0 0 7
SAMPLES 0 55 1 3 0 0 1 0 2 3 2 2
LABORATORY 0 77 3 0 0 0 4 1 2 4 1 3
1 2 5 5 0
20 0 3 D 30 3 5 3 0 3
21 0 3 A 50 3 0 0 0 7
22 1 3 B 50 7 3 0 0 0
23 1 3 E 40 0 0 0 7 0
24 1 3 A 40 0 0 0 0 7
SAMPLES 0 55 1 3 0 0 1 0 2 3 2 2
LABORATORY 0 117 3 0 0 0 0 2 2 4 1 3
1 2 5 5 4
20 0 3 D 30 3 5 3 0 3
21 0 3 A 50 3 0 0 0 7
25 0 3 0 -1 -1 -1 -1 -1 -1
22 1 3 B 50 7 3 0 0 0
23 1 3 E 40 0 0 0 7 0
DIAGNOSIS 2 55 1 3 0 0 1 0 2 3 2 2
DIAGNOSIS 3 117 3 0 0 0 0 2 2 4 1 3
1 2 5 5 4
20 0 3 D 30 3 5 3 0 3
21 0 3 A 50 3 0 0 0 7
25 0 3 0 -1 -1 -1 -1 -1 -1
22 1 3 B 50 7 3 0 0 0
23 1 3 E 40 0 0 0 7 0
DIAGNOSIS 1 55 1 3 0 0 1 0 2 3 2 2
DIAGNOSIS 2 117 3 0 0 0 0 2 2 4 1 3
1 2 5 5 4
20 0 3 D 30 3 5 3 0 3
21 0 3 A 50 3 0 0 0 7
25 0 3 0 -1 -1 -1 -1 -1 -1
22 1 3 B 50 7 3 0 0 0
23 1 3 E 40 0 0 0 7 0
DIAGNOSIS 0 55 1 3 0 0 1 0 2 3 2 2
DIAGNOSIS 1 117 3 0 0 0 0 2 2 4 1 3
1 2 5 5 4
20 0 3 D 30 3 5 3 0 3
21 0 3 A 50 3 0 0 0 7
25 0 3 0 -1 -1 -1 -1 -1 -1
22 1 3 B 50 7 3 0 0 0
23 1 3 E 40 0 0 0 7 0
DIAGNOSIS 0 55 1 3 0 0 1 0 2 3 2 2
DIAGNOSIS 0 117 3 0 0 0 0 2 2 4 1 3
1 2 5 5 4
20 0 3 D 30 3 5 3 0 3
21 0 3 A 50 3 0 0 0 7
25 0 3 A 40 3 0 0 3 6
22 1 3 B 50 7 3 0 0 0
23 1 3 E 40 0 0 0 7 0
MOLECULES 2 55 1 3 0 0 1 0 2 3 2 2
DIAGNOSIS 0 117 3 0 0 0 0 2 2 4 1 3
1 2 5 5 4
20 0 3 D 30 3 5 3 0 3
21 0 3 A 50 3 0 0 0 7
25 0 3 A 40 3 0 0 3 6
23 1 3 E 40 0 0 0 7 0
22 -1 3 B 50 7 3 0 0 0
MOLECULES 1 55 1 3 0 0 1 0 2 3 2 2
DIAGNOSIS 0 117 3 0 0 0 0 2 2 4 1 3
1 2 5 5 4
20 0 3 D 30 3 5 3 0 3
21 0 3 A 50 3 0 0 0 7
25 0 3 A 40 3 0 0 3 6
22 -1 3 B 50 7 3 0 0 0
23 -1 3 E 40 0 0 0 7 0
MOLECULES 0 55 1 3 0 0 1 0 2 3 2 2
SAMPLES 2 117 3 0 0 0 0 2 2 4 1 3
1 2 5 5 4
20 0 3 D 30 3 5 3 0 3
21 0 3 A 50 3 0 0 0 7
25 0 3 A 40 3 0 0 3 6
22 -1 3 B 50 7 3 0 0 0
23 -1 3 E 40 0 0 0 7 0
MOLECULES 0 55 1 3 0 0 1 0 2 3 2 2
SAMPLES 1 117 3 0 0 0 0 2 2 4 1 3
1 2 5 5 4
20 0 3 D 30 3 5 3 0 3
21 0 3 A 50 3 0 0 0 7
25 0 3 A 40 3 0 0 3 6
22 -1 3 B 50 7 3 0 0 0
23 -1 3 E 40 0 0 0 7 0
MOLECULES 0 55 1 3 0 0 1 0 2 3 2 2
SAMPLES 0 117 3 0 0 0 0 2 2 4 1 3
1 2 5 5 4
20 0 3 D 30 3 5 3 0 3
21 0 3 A 50 3 0 0 0 7
25 0 3 A 40 3 0 0 3 6
22 -1 3 B 50 7 3 0 0 0
23 -1 3 E 40 0 0 0 7 0
MOLECULES 0 55 1 3 0 0 1 0 2 3 2 2
SAMPLES 0 117 3 0 0 0 0 2 2 4 1 3
1 2 5 5 4
20 0 3 D 30 3 5 3 0 3
21 0 3 A 50 3 0 0 0 7
25 0 3 A 40 3 0 0 3 6
26 1 3 0 -1 -1 -1 -1 -1 -1
22 -1 3 B 50 7 3 0 0 0
23 -1 3 E 40 0 0 0 7 0
MOLECULES 0 55 1 3 0 0 1 0 2 3 2 2
SAMPLES 0 117 3 0 0 0 0 2 2 4 1 3
1 2 5 5 4
20 0 3 D 30 3 5 3 0 3
21 0 3 A 50 3 0 0 0 7
25 0 3 A 40 3 0 0 3 6
26 1 3 0 -1 -1 -1 -1 -1 -1
27 1 3 0 -1 -1 -1 -1 -1 -1
22 -1 3 B 50 7 3 0 0 0
23 -1 3 E 40 0 0 0 7 0
MOLECULES 0 55 1 3 0 0 1 0 2 3 2 2
SAMPLES 0 117 3 0 0 0 0 2 2 4 1 3
1 2 5 5 4
20 0 3 D 30 3 5 3 0 3
21 0 3 A 50 3 0 0 0 7
25 0 3 A 40 3 0 0 3 6
26 1 3 0 -1 -1 -1 -1 -1 -1
27 1 3 0 -1 -1 -1 -1 -1 -1
28 1 3 0 -1 -1 -1 -1 -1 -1
22 -1 3 B 50 7 3 0 0 0
23 -1 3 E 40 0 0 0 7 0
MOLECULES 0 55 1 3 0 0 1 0 2 3 2 2
DIAGNOSIS 2 117 3 0 0 0 0 2 2 4 1 3
1 2 5 5 4
20 0 3 D 30 3 5 3 0 3
21 0 3 A 50 3 0 0 0 7
25 0 3 A 40 3 0 0 3 6
26 1 3 0 -1 -1 -1 -1 -1 -1
27 1 3 0 -1 -1 -1 -1 -1 -1
28 1 3 0 -1 -1 -1 -1 -1 -1
22 -1 3 B 50 7 3 0 0 0
23 -1 3 E 40 0 0 0 7 0
DIAGNOSIS 2 55 1 3 0 0 1 0 2 3 2 2
DIAGNOSIS 1 117 3 0 0 0 0 2 2 4 1 3
1 2 5 5 4
20 0 3 D 30 3 5 3 0 3
21 0 3 A 50 3 0 0 0 7
25 0 3 A 40 3 0 0 3 6
26 1 3 0 -1 -1 -1 -1 -1 -1
27 1 3 0 -1 -1 -1 -1 -1 -1
28 1 3 0 -1 -1 -1 -1 -1 -1
22 -1 3 B 50 7 3 0 0 0
23 -1 3 E 40 0 0 0 7 0
DIAGNOSIS 1 55 1 3 0 0 1 0 2 3 2 2
DIAGNOSIS 0 117 3 0 0 0 0 2 2 4 1 3
1 2 5 5 4
20 0 3 D 30 3 5 3 0 3
21 0 3 A 50 3 0 0 0 7
25 0 3 A 40 3 0 0 3 6
26 1 3 0 -1 -1 -1 -1 -1 -1
27 1 3 0 -1 -1 -1 -1 -1 -1
28 1 3 0 -1 -1 -1 -1 -1 -1
22 -1 3 B 50 7 3 0 0 0
23 -1 3 E 40 0 0 0 7 0
DIAGNOSIS 0 55 1 3 0 0 1 0 2 3 2 2
DIAGNOSIS 0 117 3 0 0 0 0 2 2 4 1 3
1 2 5 5 4
20 0 3 D 30 3 5 3 0 3
21 0 3 A 50 3 0 0 0 7
25 0 3 A 40 3 0 0 3 6
26 1 3 D 40 0 3 6 3 0
27 1 3 0 -1 -1 -1 -1 -1 -1
28 1 3 0 -1 -1 -1 -1 -1 -1
22 -1 3 B 50 7 3 0 0 0
23 -1 3 E 40 0 0 0 7 0
DIAGNOSIS 0 55 1 3 0 0 1 0 2 3 2 2
DIAGNOSIS 0 117 3 0 0 0 0 2 2 4 1 3
1 2 5 5 4
21 0 3 A 50 3 0 0 0 7
25 0 3 A 40 3 0 0 3 6
26 1 3 D 40 0 3 6 3 0
27 1 3 E 50 0 0 0 7 3
28 1 3 0 -1 -1 -1 -1 -1 -1
22 -1 3 B 50 7 3 0 0 0
23 -1 3 E 40 0 0 0 7 0
20 -1 3 D 30 3 5 3 0 3
DIAGNOSIS 0 55 1 3 0 0 1 0 2 3 2 2
DIAGNOSIS 0 117 3 0 0 0 0 2 2 4 1 3
1 2 5 5 4
21 0 3 A 50 3 0 0 0 7
25 0 3 A 40 3 0 0 3 6
23 0 3 E 40 0 0 0 7 0
26 1 3 D 40 0 3 6 3 0
27 1 3 E 50 0 0 0 7 3
28 1 3 D 40 0 0 7 0 0
22 -1 3 B 50 7 3 0 0 0
20 -1 3 D 30 3 5 3 0 3
MOLECULES 2 55 1 3 0 0 1 0 2 3 2 2
DIAGNOSIS 0 117 3 0 0 0 0 2 2 4 1 3
1 2 5 5 4
21 0 3 A 50 3 0 0 0 7
25 0 3 A 40 3 0 0 3 6
23 0 3 E 40 0 0 0 7 0
26 1 3 D 40 0 3 6 3 0
28 1 3 D 40 0 0 7 0 0
22 -1 3 B 50 7 3 0 0 0
20 -1 3 D 30 3 5 3 0 3
27 -1 3 E 50 0 0 0 7 3
MOLECULES 1 55 1 3 0 0 1 0 2 3 2 2
DIAGNOSIS 0 117 3 0 0 0 0 2 2 4 1 3
1 2 5 5 4
21 0 3 A 50 3 0 0 0 7
25 0 3 A 40 3 0 0 3 6
23 0 3 E 40 0 0 0 7 0
26 1 3 D 40 0 3 6 3 0
28 1 3 D 40 0 0 7 0 0
22 1 3 B 50 7 3 0 0 0
20 -1 3 D 30 3 5 3 0 3
27 -1 3 E 50 0 0 0 7 3
MOLECULES 0 55 1 3 0 0 1 0 2 3 2 2
MOLECULES 2 117 3 0 0 0 0 2 2 4 1 3
1 2 5 5 4
21 0 3 A 50 3 0 0 0 7
25 0 3 A 40 3 0 0 3 6
23 0 3 E 40 0 0 0 7 0
26 1 3 D 40 0 3 6 3 0
28 1 3 D 40 0 0 7 0 0
22 1 3 B 50 7 3 0 0 0
20 -1 3 D 30 3 5 3 0 3
27 -1 3 E 50 0 0 0 7 3
MOLECULES 0 55 1 3 0 1 1 0 2 3 2 2
MOLECULES 1 117 3 0 0 0 0 2 2 4 1 3
1 2 5 4 4
21 0 3 A 50 3 0 0 0 7
25 0 3 A 40 3 0 0 3 6
23 0 3 E 40 0 0 0 7 0
26 1 3 D 40 0 3 6 3 0
28 1 3 D 40 0 0 7 0 0
22 1 3 B 50 7 3 0 0 0
20 -1 3 D 30 3 5 3 0 3
27 -1 3 E 50 0 0 0 7 3
MOLECULES 0 55 1 3 0 2 1 0 2 3 2 2
MOLECULES 0 117 3 0 0 0 0 2 2 4 1 3
1 2 5 3 4
21 0 3 A 50 3 0 0 0 7
25 0 3 A 40 3 0 0 3 6
23 0 3 E 40 0 0 0 7 0
26 1 3 D 40 0 3 6 3 0
28 1 3 D 40 0 0 7 0 0
22 1 3 B 50 7 3 0 0 0
20 -1 3 D 30 3 5 3 0 3
27 -1 3 E 50 0 0 0 7 3
MOLECULES 0 55 1 3 0 3 1 0 2 3 2 2
MOLECULES 0 117 3 0 1 0 0 2 2 4 1 3
1 2 4 2 4
21 0 3 A 50 3 0 0 0 7
25 0 3 A 40 3 0 0 3 6
23 0 3 E 40 0 0 0 7 0
26 1 3 D 40 0 3 6 3 0
28 1 3 D 40 0 0 7 0 0
22 1 3 B 50 7 3 0 0 0
20 -1 3 D 30 3 5 3 0 3
27 -1 3 E 50 0 0 0 7 3
MOLECULES 0 55 1 3 0 4 1 0 2 3 2 2
MOLECULES 0 117 3 0 2 0 0 2 2 4 1 3
1 2 3 1 4
21 0 3 A 50 3 0 0 0 7
25 0 3 A 40 3 0 0 3 6
23 0 3 E 40 0 0 0 7 0
26 1 3 D 40 0 3 6 3 0
28 1 3 D 40 0 0 7 0 0
22 1 3 B 50 7 3 0 0 0
20 -1 3 D 30 3 5 3 0 3
27 -1 3 E 50 0 0 0 7 3
MOLECULES 0 55 1 3 0 5 1 0 2 3 2 2
MOLECULES 0 117 3 0 3 0 0 2 2 4 1 3
1 2 2 0 4
21 0 3 A 50 3 0 0 0 7
25 0 3 A 40 3 0 0 3 6
23 0 3 E 40 0 0 0 7 0
26 1 3 D 40 0 3 6 3 0
28 1 3 D 40 0 0 7 0 0
22 1 3 B 50 7 3 0 0 0
20 -1 3 D 30 3 5 3 0 3
27 -1 3 E 50 0 0 0 7 3
LABORATORY 2 55 1 3 0 5 1 0 2 3 2 2
LABORATORY 2 117 3 0 3 0 0 2 2 4 1 3
1 2 2 0 4
21 0 3 A 50 3 0 0 0 7
25 0 3 A 40 3 0 0 3 6
23 0 3 E 40 0 0 0 7 0
26 1 3 D 40 0 3 6 3 0
28 1 3 D 40 0 0 7 0 0
22 1 3 B 50 7 3 0 0 0
20 -1 3 D 30 3 5 3 0 3
27 -1 3 E 50 0 0 0 7 3
LABORATORY 1 55 1 3 0 5 1 0 2 3 2 2
LABORATORY 1 117 3 0 3 0 0 2 2 4 1 3
1 2 2 0 4
21 0 3 A 50 3 0 0 0 7
25 0 3 A 40 3 0 0 3 6
23 0 3 E 40 0 0 0 7 0
26 1 3 D 40 0 3 6 3 0
28 1 3 D 40 0 0 7 0 0
22 1 3 B 50 7 3 0 0 0
20 -1 3 D 30 3 5 3 0 3
27 -1 3 E 50 0 0 0 7 3
LABORATORY 0 55 1 3 0 5 1 0 2 3 2 2
LABORATORY 0 117 3 0 3 0 0 2 2 4 1 3
1 2 2 0 4
21 0 3 A 50 3 0 0 0 7
25 0 3 A 40 3 0 0 3 6
23 0 3 E 40 0 0 0 7 0
26 1 3 D 40 0 3 6 3 0
28 1 3 D 40 0 0 7 0 0
22 1 3 B 50 7 3 0 0 0
20 -1 3 D 30 3 5 3 0 3
27 -1 3 E 50 0 0 0 7 3
LABORATORY 0 95 1 3 0 0 1 0 2 3 2 3
LABORATORY 0 157 3 0 0 0 0 2 2 4 2 3
1 2 5 5 4
21 0 3 A 50 3 0 0 0 7
25 0 3 A 40 3 0 0 3 6
26 1 3 D 40 0 3 6 3 0
22 1 3 B 50 7 3 0 0 0
20 -1 3 D 30 3 5 3 0 3
27 -1 3 E 50 0 0 0 7 3
MOLECULES 2 95 1 3 0 0 1 0 2 3 2 3
MOLECULES 2 157 3 0 0 0 0 2 2 4 2 3
1 2 5 5 4
21 0 3 A 50 3 0 0 0 7
25 0 3 A 40 3 0 0 3 6
26 1 3 D 40 0 3 6 3 0
22 1 3 B 50 7 3 0 0 0
20 -1 3 D 30 3 5 3 0 3
27 -1 3 E 50 0 0 0 7 3
MOLECULES 1 95 1 3 0 0 1 0 2 3 2 3
MOLECULES 1 157 3 0 0 0 0 2 2 4 2 3
1 2 5 5 4
21 0 3 A 50 3 0 0 0 7
25 0 3 A 40 3 0 0 3 6
26 1 3 D 40 0 3 6 3 0
22 1 3 B 50 7 3 0 0 0
20 -1 3 D 30 3 5 3 0 3
27 -1 3 E 50 0 0 0 7 3
MOLECULES 0 95 1 3 0 0 1 0 2 3 2 3
MOLECULES 0 157 3 0 0 0 0 2 2 4 2 3
1 2 5 5 4
21 0 3 A 50 3 0 0 0 7
25 0 3 A 40 3 0 0 3 6
26 1 3 D 40 0 3 6 3 0
22 1 3 B 50 7 3 0 0 0
20 -1 3 D 30 3 5 3 0 3
27 -1 3 E 50 0 0 0 7 3
DIAGNOSIS 2 95 1 3 0 0 1 0 2 3 2 3
MOLECULES 0 157 3 1 0 0 0 2 2 4 2 3
1 1 5 5 4
21 0 3 A 50 3 0 0 0 7
25 0 3 A 40 3 0 0 3 6
26 1 3 D 40 0 3 6 3 0
22 1 3 B 50 7 3 0 0 0
20 -1 3 D 30 3 5 3 0 3
27 -1 3 E 50 0 0 0 7 3
DIAGNOSIS 1 95 1 3 0 0 1 0 2 3 2 3
MOLECULES 0 157 3 1 1 0 0 2 2 4 2 3
1 1 4 5 4
21 0 3 A 50 3 0 0 0 7
25 0 3 A 40 3 0 0 3 6
26 1 3 D 40 0 3 6 3 0
22 1 3 B 50 7 3 0 0 0
20 -1 3 D 30 3 5 3 0 3
27 -1 3 E 50 0 0 0 7 3
DIAGNOSIS 0 95 1 3 0 0 1 0 2 3 2 3
MOLECULES 0 157 3 1 2 0 0 2 2 4 2 3
1 1 3 5 4
21 0 3 A 50 3 0 0 0 7
25 0 3 A 40 3 0 0 3 6
26 1 3 D 40 0 3 6 3 0
22 1 3 B 50 7 3 0 0 0
20 -1 3 D 30 3 5 3 0 3
27 -1 3 E 50 0 0 0 7 3
DIAGNOSIS 0 95 1 3 0 0 1 0 2 3 2 3
MOLECULES 0 157 3 1 2 1 0 2 2 4 2 3
1 1 3 4 4
21 0 3 A 50 3 0 0 0 7
25 0 3 A 40 3 0 0 3 6
27 0 3 E 50 0 0 0 7 3
26 1 3 D 40 0 3 6 3 0
22 1 3 B 50 7 3 0 0 0
20 -1 3 D 30 3 5 3 0 3
MOLECULES 2 95 1 3 0 0 1 0 2 3 2 3
MOLECULES 0 157 3 1 2 2 0 2 2 4 2 3
1 1 3 3 4
21 0 3 A 50 3 0 0 0 7
25 0 3 A 40 3 0 0 3 6
27 0 3 E 50 0 0 0 7 3
26 1 3 D 40 0 3 6 3 0
22 1 3 B 50 7 3 0 0 0
20 -1 3 D 30 3 5 3 0 3
MOLECULES 1 95 1 3 0 0 1 0 2 3 2 3
MOLECULES 0 157 3 1 2 3 0 2 2 4 2 3
1 1 3 2 4
21 0 3 A 50 3 0 0 0 7
25 0 3 A 40 3 0 0 3 6
27 0 3 E 50 0 0 0 7 3
26 1 3 D 40 0 3 6 3 0
22 1 3 B 50 7 3 0 0 0
20 -1 3 D 30 3 5 3 0 3
MOLECULES 0 95 1 3 0 0 1 0 2 3 2 3
MOLECULES 0 157 3 1 2 4 0 2 2 4 2 3
1 1 3 1 4
21 0 3 A 50 3 0 0 0 7
25 0 3 A 40 3 0 0 3 6
27 0 3 E 50 0 0 0 7 3
26 1 3 D 40 0 3 6 3 0
22 1 3 B 50 7 3 0 0 0
20 -1 3 D 30 3 5 3 0 3
MOLECULES 0 95 1 3 0 0 1 0 2 3 2 3
LABORATORY 2 157 3 1 2 4 0 2 2 4 2 3
1 1 3 1 4
21 0 3 A 50 3 0 0 0 7
25 0 3 A 40 3 0 0 3 6
27 0 3 E 50 0 0 0 7 3
26 1 3 D 40 0 3 6 3 0
22 1 3 B 50 7 3 0 0 0
20 -1 3 D 30 3 5 3 0 3
MOLECULES 0 95 1 3 0 0 1 0 2 3 2 3
LABORATORY 1 157 3 1 2 4 0 2 2 4 2 3
1 1 3 1 4
21 0 3 A 50 3 0 0 0 7
25 0 3 A 40 3 0 0 3 6
27 0 3 E 50 0 0 0 7 3
26 1 3 D 40 0 3 6 3 0
22 1 3 B 50 7 3 0 0 0
20 -1 3 D 30 3 5 3 0 3
MOLECULES 0 95 1 3 0 0 1 0 2 3 2 3
LABORATORY 0 157 3 1 2 4 0 2 2 4 2 3
1 1 3 1 4
21 0 3 A 50 3 0 0 0 7
25 0 3 A 40 3 0 0 3 6
27 0 3 E 50 0 0 0 7 3
26 1 3 D 40 0 3 6 3 0
22 1 3 B 50 7 3 0 0 0
20 -1 3 D 30 3 5 3 0 3
MOLECULES 0 95 1 3 0 0 1 0 2 3 2 3
LABORATORY 0 197 3 0 0 3 0 2 2 4 3 3
1 2 5 2 4
21 0 3 A 50 3 0 0 0 7
25 0 3 A 40 3 0 0 3 6
27 0 3 E 50 0 0 0 7 3
22 1 3 B 50 7 3 0 0 0
20 -1 3 D 30 3 5 3 0 3
MOLECULES 0 95 1 3 0 0 1 0 2 3 2 3
SAMPLES 2 197 3 0 0 3 0 2 2 4 3 3
1 2 5 2 4
21 0 3 A 50 3 0 0 0 7
25 0 3 A 40 3 0 0 3 6
27 0 3 E 50 0 0 0 7 3
22 1 3 B 50 7 3 0 0 0
20 -1 3 D 30 3 5 3 0 3
MOLECULES 0 95 1 3 0 0 1 0 2 3 2 3
SAMPLES 1 197 3 0 0 3 0 2 2 4 3 3
1 2 5 2 4
21 0 3 A 50 3 0 0 0 7
25 0 3 A 40 3 0 0 3 6
27 0 3 E 50 0 0 0 7 3
22 1 3 B 50 7 3 0 0 0
20 -1 3 D 30 3 5 3 0 3
DIAGNOSIS 2 95 1 3 0 0 1 0 2 3 2 3
SAMPLES 0 197 3 0 0 3 0 2 2 4 3 3
1 2 5 2 4
21 0 3 A 50 3 0 0 0 7
25 0 3 A 40 3 0 0 3 6
27 0 3 E 50 0 0 0 7 3
22 1 3 B 50 7 3 0 0 0
20 -1 3 D 30 3 5 3 0 3
DIAGNOSIS 1 95 1 3 0 0 1 0 2 3 2 3
SAMPLES 0 197 3 0 0 3 0 2 2 4 3 3
1 2 5 2 4
21 0 3 A 50 3 0 0 0 7
25 0 3 A 40 3 0 0 3 6
27 0 3 E 50 0 0 0 7 3
22 1 3 B 50 7 3 0 0 0
29 1 3 0 -1 -1 -1 -1 -1 -1
20 -1 3 D 30 3 5 3 0 3